001-European-Illgraben-9J-IGB02-HHZ, 2.636844696046494, 2.523393846573406, 2.7502955455195828, -150.35323053932026, 1.9556249436835236, 0.9395173992662197, 9.967554206572265e-85, 14.700000000000001, -5.076175493433862, -5.254580799003056, -4.897770187864667, -57.57276699884592, 2.5335357430702703, 0.8989507660362701, 2.81298250231688e-177, 14.700000000000001
002-European-Illgraben-9J-IGB02-HHZ, 3.0597815467389213, 2.9064639565474604, 3.2130991369303823, -159.08540616329788, 2.699629860905524, 0.9174919217677634, 1.0029465974806319e-77, 15.100000000000001, -4.726685674701196, -4.875756334417901, -4.57761501498449, -67.05762369304263, 2.0619561177350145, 0.9178687443159652, 5.94031814104014e-191, 15.100000000000001
003-European-Illgraben-9J-IGB02-HHZ, 2.9784442178386348, 2.80868281658728, 3.14820561908999, -160.66239998888548, 3.004775489521551, 0.895093318066291, 6.55984000881306e-71, 15.200000000000001, -4.522906473359945, -4.689719403019486, -4.356093543700403, -70.3297243812184, 2.2922208775611965, 0.8912515717466055, 2.9901923524168124e-169, 15.200000000000001
004-European-Illgraben-9J-IGB02-HHZ, 4.129455454170742, 4.015811205552353, 4.243099702789131, -182.5385363096081, 1.468248957174555, 0.9824518328927445, 1.8926521721919765e-83, 10.4, -2.1637449412643806, -2.333512905060268, -1.993976977468493, -112.6656118560856, 3.2018753560291753, 0.6138276225250427, 1.252985552166652e-83, 10.4
005-European-Illgraben-9J-IGB02-HHZ, 2.844107098226874, 2.707876080998596, 2.980338115455152, -158.56413294876467, 2.3862096298024396, 0.9245733434713045, 6.829792674542767e-80, 15.0, -5.200246232184448, -5.4148395464973405, -4.985652917871555, -60.612340939915356, 2.9878779597277583, 0.8668236365500861, 7.474789515871645e-155, 15.0
006-European-Illgraben-9J-IGB02-HHZ, 3.787259507604312, 3.6998651199009274, 3.8746538953076963, -176.47666328368433, 1.4819249002557326, 0.9822195957925814, 2.9117478778736506e-118, 14.4, -4.4121770838105, -4.623325442764095, -4.201028724856903, -78.27507982171292, 3.0582478345027737, 0.8263088098673962, 5.348739036614719e-137, 14.4
007-European-Illgraben-9J-IGB02-HHZ, 3.1174270633910033, 2.937265821462945, 3.297588305319062, -178.0163386906479, 2.917589729037989, 0.9036815467811156, 2.2703288150079108e-65, 13.600000000000001, -3.887344304872511, -4.0698235080422815, -3.7048651017027403, -92.36226921334935, 2.785623553361754, 0.8286116239791538, 4.2646548052858867e-141, 13.600000000000001
008-European-Illgraben-9J-IGB02-HHZ, 1.7524744480846763, 1.5249487555438965, 1.9800001406254562, -175.92384879664763, 4.11021485469658, 0.6151286454395629, 7.237272820208556e-32, 15.600000000000001, -4.2077686923022055, -4.345021019386125, -4.070516365218287, -98.01956102219972, 1.8369288983194083, 0.9137986807197125, 1.2418482785647882e-184, 15.600000000000001
009-European-Illgraben-9J-IGB02-HHZ, 1.8791160132674958, 1.7336304621953218, 2.0246015643396698, -178.0439309623516, 2.6413440875262415, 0.8169550502498537, 1.0690097978697812e-55, 15.700000000000001, -3.9669869916128966, -4.1096505681853435, -3.8243234150404497, -102.47240712170591, 1.8967880354057969, 0.8974012659253361, 3.658089810246269e-171, 15.700000000000001
010-European-Illgraben-9J-IGB02-HHZ, 3.7398627870486436, 3.6122288926114137, 3.8674966814858736, -159.9460824814745, 2.042212506971094, 0.9647267066495183, 3.4017730621145705e-91, 13.4, -4.527706748985086, -4.70970059215183, -4.345712905818342, -66.14241639792662, 2.8149534348805525, 0.8676792935093396, 2.229522113066077e-162, 13.4
011-European-Illgraben-9J-IGB02-HHZ, 3.415318312368698, 3.2617683975526317, 3.568868227184764, -150.25320823779788, 2.501439724935322, 0.9389387212152589, 2.3313394288244473e-78, 13.700000000000001, -5.147187958535866, -5.359879997231444, -4.9344959198402885, -50.214921113807605, 3.2255795333526365, 0.8621932316762834, 7.2821948344237966e-158, 13.700000000000001
012-European-Illgraben-9J-IGB02-HHZ, 3.188749232034265, nan, nan, -143.12400393554054, nan, 1.0, 0.0, 1.1, -0.7392489567615277, -0.9243992952318528, -0.5540986182912025, -153.44723575474515, 7.432344098251966, 0.11199098382187082, 2.75416933266545e-14, 1.1
013-European-Illgraben-9J-IGB02-HHZ, 2.175700190541227, 1.9362522050465176, 2.4151481760359372, -178.48292198568777, 4.454706994142127, 0.6809639022874305, 2.7149215488959284e-39, 16.2, -5.177512770760182, -5.301055360074061, -5.053970181446302, -79.05829316624826, 1.5891455876118965, 0.952752396788453, 1.910921016041302e-225, 16.2
014-European-Illgraben-9J-IGB02-HHZ, 3.7894117576289035, 3.692680307057045, 3.8861432082007616, -170.26450510409052, 1.6583935638336433, 0.9780037494806628, 8.897372533331629e-114, 14.600000000000001, -4.739630344654805, -4.943266441585716, -4.535994247723894, -68.02852240188213, 2.9109177348318362, 0.8558218834648849, 1.610951553266532e-150, 14.600000000000001
015-European-Illgraben-9J-IGB02-HHZ, 4.095985165419508, 3.9872119126722083, 4.204758418166807, -163.34772203126778, 1.8952039918534094, 0.975712558139246, 2.678046011039298e-113, 14.9, -5.739662016704161, -5.876488343765801, -5.60283568964252, -46.97188857427042, 1.917673931615204, 0.9510949533840154, 1.893712230903711e-231, 14.9
016-European-Illgraben-9J-IGB02-HHZ, 4.13786357345756, 4.013634831690411, 4.262092315224709, -175.04217977088285, 2.1988477687182764, 0.9685058451458105, 9.091231917970901e-108, 15.200000000000001, -5.813677810700367, -5.936998742707862, -5.690356878692871, -50.44933570891497, 1.6945857588186912, 0.9612041055463264, 6.227810045799569e-247, 15.200000000000001
017-European-Illgraben-9J-IGB02-HHZ, 3.6985911765103503, 3.580076835251437, 3.8171055177692637, -161.13532251189866, 2.0207497476759353, 0.9660229748386817, 2.7188798522957417e-100, 14.5, -5.043377285814994, -5.165708171897089, -4.9210463997329, -57.11203626955805, 1.760218153340098, 0.9489043267898919, 1.0530404947996371e-230, 14.5
018-European-Illgraben-9J-IGB02-HHZ, 2.936641167584772, 2.815469705467614, 3.057812629701931, -142.29121480677483, 2.0999842582085146, 0.9437070597949028, 1.7835154782134128e-87, 14.8, -5.249424485201499, -5.383898076134889, -5.114950894268108, -45.347687423967656, 1.8971409871441414, 0.9437993849408004, 1.6634954826080177e-221, 14.8
019-European-Illgraben-9J-IGB02-HHZ, 3.3428678222168045, 3.172240289864818, 3.5134953545687915, -156.6833692864935, 3.0201060033056173, 0.9140825998139694, 4.994617355256165e-77, 15.200000000000001, -4.367275602178841, -4.508333259288865, -4.226217945068816, -64.78496939119628, 1.9383108205544137, 0.9144300824705621, 2.561438831820333e-187, 15.200000000000001
020-European-Illgraben-9J-IGB02-HHZ, 2.832967746600967, 2.6940602919425882, 2.971875201259345, -147.04031040391462, 2.521916309704246, 0.9175440814318512, 5.267894826738406e-81, 15.700000000000001, -5.179824394417735, -5.3305183128983735, -5.029130475937096, -49.440519112999326, 2.0035556969044452, 0.9303891886440618, 5.596258688963352e-200, 15.700000000000001
021-European-Illgraben-9J-IGB02-HHZ, 2.8673939742973547, 2.7175315765777412, 3.0172563720169685, -145.31181953453864, 2.6111181491167517, 0.9120637004205846, 9.965691571136819e-75, 14.9, -4.765490828037505, -4.9192247145524, -4.611756941522611, -53.67543239647401, 2.154639921326637, 0.9139393875530035, 1.7369875257836215e-188, 14.9
022-European-Illgraben-9J-IGB02-HHZ, 2.718820167520879, 2.582525339771139, 2.8551149952706183, -141.2156780019439, 2.38732732886901, 0.9179739975352759, 2.3312780499967114e-77, 15.0, -4.78806364721768, -4.945583748930135, -4.630543545505224, -50.91564819080948, 2.193222289462775, 0.9110387577481132, 1.9314054293520972e-185, 15.0
023-European-Illgraben-9J-IGB02-HHZ, 2.554353368306508, 2.407092494784228, 2.701614241828788, -141.41662017530277, 2.5794075508014562, 0.8943120976672378, 1.0551169336830038e-69, 15.0, -5.517218074988442, -5.751394050027617, -5.283042099949267, -42.39762537434348, 3.260536036538007, 0.8601865730257744, 3.639139887736488e-151, 15.0
024-European-Illgraben-9J-IGB02-HHZ, 2.4619531157719012, 2.3365963908399263, 2.5873098407038766, -141.4020301550238, 2.2872131265130573, 0.9110923701596179, 3.8414618856438116e-79, 15.8, -6.095804706435598, -6.346699164909733, -5.844910247961463, -35.05393989186666, 3.3138154661767625, 0.8700869984703874, 3.4917687009944563e-153, 15.8
025-European-Illgraben-9J-IGB02-HHZ, 2.947525575273794, 2.7632885108065763, 3.1317626397410114, -146.5790257324753, 3.2270790187343246, 0.8780254232654058, 2.255219848048049e-65, 15.0, -5.238186982006772, -5.456253062095209, -5.020120901918334, -49.3896389533291, 3.036230818964176, 0.864782478933068, 1.0637088771512766e-153, 15.0
026-European-Illgraben-9J-IGB02-HHZ, 3.874193435835051, 3.7077301624320333, 4.040656709238069, -160.7848724395543, 3.037228231802663, 0.9350261052973105, 3.7003073356622705e-89, 15.8, -5.637184267110028, -5.855010494679378, -5.419358039540678, -47.11196072178515, 2.8770500801342447, 0.8837021516642721, 2.197335884939203e-161, 15.8
027-European-Illgraben-9J-IGB02-HHZ, 4.340468127372272, 4.264621102825325, 4.416315151919219, -178.86820857583663, 1.0844258584470354, 0.9918326864029265, 1.6990642824290573e-112, 11.700000000000001, -3.02717404643177, -3.2052304651346857, -2.8491176277288544, -98.74061540742142, 3.0802487114383243, 0.7452328959318072, 1.7679594721780654e-115, 11.700000000000001
028-European-Illgraben-9J-IGB02-HHZ, 3.8786170695655806, 2.901777698550508, 4.855456440580653, -174.4946422490999, 4.89059308639566, 0.6790171679068212, 3.812935698313785e-09, 4.2, -1.7656474314769586, -1.9165068799258034, -1.6147879830281138, -137.47764107860877, 4.453613820034567, 0.5365150813449848, 2.484712060091567e-78, 4.2
029-European-Illgraben-9J-IGB02-HHZ, 2.4786857344732187, 2.369872476130154, 2.5874989928162835, -137.3646377779738, 1.9951602828054207, 0.9319325956225196, 2.942199991584002e-88, 15.9, -4.5267079672183215, -4.6710364683157035, -4.382379466120939, -53.23641483765395, 1.8937355498807782, 0.9179907429153307, 1.0257415601234571e-186, 15.9
030-European-Illgraben-9S-ILL02-EHZ, 3.5039296444297405, 3.4241099607265992, 3.583749328132882, -163.57934469651818, 1.412807784364656, 0.9816223671581439, 2.903662649939509e-124, 15.200000000000001, -4.278267881168882, -4.498918661886138, -4.057617100451628, -69.61863981674117, 3.0320211223587346, 0.8073620688784336, 3.804828494312909e-126, 15.200000000000001
031-European-Illgraben-9S-ILL02-EHZ, 3.341847076918389, 3.14708033896411, 3.5366138148726685, -134.92165484839717, 3.191605304006911, 0.9007661510369206, 1.443466733444253e-65, 13.8, -4.992225775147548, -5.114818843449379, -4.869632706845717, -41.05024673000024, 1.8470129133072473, 0.9467089865508225, 6.24817833029871e-232, 13.8
032-European-Illgraben-9S-ILL02-EHZ, 4.409620567679833, 4.180626142786119, 4.638614992573547, -167.21099618172772, 2.9085023687904257, 0.941445468124282, 7.211773318536723e-58, 10.200000000000001, -4.2243054423267505, -4.426532204378552, -4.022078680274948, -74.01208233069184, 3.8654851512939956, 0.8094535537005312, 5.346738452691203e-145, 10.200000000000001
033-European-Illgraben-9S-ILL02-EHZ, 3.289978162192818, 3.075921331594487, 3.5040349927911487, -142.29960652085887, 3.6498138691494417, 0.8733540691613321, 5.497098097106256e-62, 14.5, -4.983062209575312, -5.078455314417351, -4.887669104733273, -46.64802097038665, 1.372610631903252, 0.9675476547784285, 1.3329445463697797e-265, 14.5
034-European-Illgraben-9S-ILL02-EHZ, 3.5252235989667424, 3.333076403976888, 3.717370793956597, -138.62010307351358, 3.0931087904539525, 0.9140452976968928, 6.2844019002218895e-68, 13.5, -4.974489686490125, -5.095176945016798, -4.853802427963453, -42.39947572938544, 1.8544840837736807, 0.9475048061378131, 4.948705969294312e-235, 13.5
035-European-Illgraben-9S-ILL12-EHZ, 3.680252123245559, 3.596738130318304, 3.763766116172814, -164.1060889826791, 1.4781970290663284, 0.9817608358813058, 1.7035264453788754e-124, 15.200000000000001, -3.82301062445785, -4.011332195912567, -3.6346890530031333, -73.47216582836502, 2.5877768507792993, 0.821244275177621, 8.730895015004654e-132, 15.200000000000001
036-European-Illgraben-9S-ILL12-EHZ, 3.4536560754551706, 3.37252624804049, 3.5347859028698516, -167.41275631728652, 1.450841738892676, 0.9802040046236583, 1.0791309859677257e-123, 15.4, -3.32144025095302, -3.5743504105674235, -3.0685300913386175, -86.92946963614371, 3.4297980274446296, 0.6591649540501193, 1.2202704768881556e-82, 15.4
037-European-Illgraben-9S-ILL12-EHZ, 3.671911705500599, 3.528788508101541, 3.8150349028996566, -148.99983774693524, 2.713387554241061, 0.9430866121866855, 2.227153380252234e-98, 16.6, -5.4296139484000125, -5.548133153342468, -5.311094743457558, -37.66714688291759, 1.4846212367288116, 0.9606112112290095, 6.006302392221726e-236, 16.6
038-European-Illgraben-9S-ILL12-EHZ, 3.516861941397516, 3.3492761736041636, 3.684447709190868, -146.480384772912, 3.235875765157385, 0.915280670882155, 3.9277294164302885e-87, 17.0, -5.6405512048199045, -5.724275336555475, -5.556827073084333, -35.78220104261463, 1.0212293563987624, 0.9816135734008549, 1.434922418204212e-287, 17.0
039-European-Illgraben-9S-ILL12-EHZ, 3.847565505375799, 3.7178904566767477, 3.97724055407485, -160.8224377893287, 2.2833298726203646, 0.9609057675881851, 1.9254139521155304e-100, 15.100000000000001, -4.805241929593253, -5.003033892809247, -4.607449966377258, -59.52494880477502, 2.735872702026652, 0.8677387196120993, 6.176590079268198e-155, 15.100000000000001
040-European-Illgraben-9S-ILL12-EHZ, 3.8981812318065066, 3.7725797124645473, 4.023782751148466, -161.75657952791508, 2.2000243488557594, 0.9644002909536765, 1.4552494513172441e-102, 15.0, -4.742272343143017, -4.933772606458168, -4.550772079827866, -60.25302054918882, 2.6663431611253507, 0.8717468596930124, 1.0416133880020069e-157, 15.0
041-European-Illgraben-9S-ILL12-EHZ, 4.231407514609571, 4.050617977239247, 4.412197051979896, -161.96025435395023, 3.1833583675215116, 0.9386291664747772, 9.976892327247421e-87, 15.100000000000001, -5.200737270062822, -5.510705569472098, -4.8907689706535455, -59.15838377640928, 4.287503875581575, 0.7578244374163785, 3.383247084332122e-109, 15.100000000000001
042-European-Illgraben-9S-ILL12-EHZ, 4.102320221726094, 3.866924189433817, 4.337716254018372, -141.32806054793602, 2.9379388151590353, 0.9309047798302812, 1.9799545454655733e-53, 10.0, -4.876363074130341, -4.980737760949718, -4.771988387310965, -48.06324174882516, 2.022050351590906, 0.9548387127990999, 1.726014698909689e-270, 10.0
043-European-Illgraben-9S-ILL12-EHZ, 3.505706238431602, 3.3116682429935964, 3.6997442338696076, -144.273180348373, 3.4344710189139915, 0.9004754407065468, 1.596147683691771e-72, 15.200000000000001, -5.3738184309746995, -5.455472995654405, -5.292163866294995, -39.65109796600002, 1.1220371124049053, 0.9797095913625986, 8.929778117024201e-296, 15.200000000000001
044-European-Illgraben-9S-ILL12-EHZ, 3.5207742439917276, 3.2797469787294133, 3.7618015092540418, -150.93554537274915, 4.310281776717412, 0.8535921557294298, 1.5675669216730513e-61, 15.4, -5.069983089662769, -5.235607134135296, -4.904359045190243, -53.460478448461544, 2.246082252667747, 0.9130994904837315, 4.3021783663801116e-185, 15.4
045-European-Illgraben-9S-ILL12-EHZ, 3.8273000072272447, 3.6949803019931773, 3.959619712461312, -164.86750923538153, 2.354181396570061, 0.9583746954156664, 6.434426732915783e-100, 15.3, -4.514264013755621, -4.768835050475724, -4.2596929770355185, -67.98383769077768, 3.475154453495511, 0.7785534894326389, 2.615768380521886e-115, 15.3
046-European-Illgraben-9S-ILL12-EHZ, 3.446915521805529, 3.2631226598539897, 3.6307083837570686, -156.80981159501783, 3.3864521266315717, 0.9021255000895453, 4.380817956586894e-77, 16.0, -4.515563442972228, -4.709430015717914, -4.321696870226543, -64.45289537595023, 2.5269607308341753, 0.8609538969347926, 2.717971055856357e-147, 16.0
047-European-Illgraben-9S-ILL12-EHZ, 3.8305173034292315, 3.6326337063220633, 4.0284009005364, -148.21251451452474, 3.2426806791386813, 0.9203393122013324, 1.2471413584044547e-71, 13.8, -5.421949718960722, -5.521699661370287, -5.322199776551156, -40.39257528703746, 1.5028535812360033, 0.9693733498170614, 2.3472631103862405e-275, 13.8
048-European-Illgraben-9S-ILL12-EHZ, 4.57130766235933, 4.36631269002423, 4.77630263469443, -145.9817443767678, 2.6261235693273544, 0.9551986791406306, 7.726456690315372e-64, 10.3, -4.7759268645179676, -4.89164835779668, -4.660205371239255, -47.710069548586944, 2.197198484855384, 0.9432606075005159, 7.6666171980175e-249, 10.3
049-European-Illgraben-9S-ILL12-EHZ, 3.3334609088420777, 3.1527116091627847, 3.5142102085213707, -150.096860725635, 3.521450219028525, 0.8917602671817478, 1.2317885823174244e-79, 17.2, -5.260089183563746, -5.359143909364681, -5.1610344577628116, -46.51615093961021, 1.192220159123695, 0.9709080330827689, 3.00334322697036e-253, 17.2
050-European-Illgraben-9S-ILL12-EHZ, 3.344423558611883, 3.2230527286340376, 3.465794388589728, -157.12225885018088, 2.677798755589654, 0.9389690461769526, 1.5348574528613202e-118, 20.3, -5.244751232673666, -5.396108026407403, -5.093394438939928, -47.41689845880914, 1.4759576651198594, 0.9401598673132766, 4.7220536790074964e-183, 20.3
051-European-Illgraben-9S-ILL12-EHZ, 3.091623417216077, 3.0004175981426755, 3.1828292362894786, -165.18963496676687, 1.696799408411476, 0.9674325269263638, 3.419979111578083e-114, 16.2, -2.635986280464702, -2.843968358370886, -2.4280042025585176, -96.68350441286822, 2.67530252718958, 0.6484166059492985, 1.725685596245866e-78, 16.2
052-European-Illgraben-9S-ILL12-EHZ, 3.6137208009993933, 3.3763421152901736, 3.8510994867086135, -147.27033231864263, 4.135952739982821, 0.8678277767973913, 1.660348476680053e-62, 14.9, -5.050792727121861, -5.172567837661925, -4.929017616581797, -48.46768433551692, 1.706725306578127, 0.9500311976873972, 8.184205811245859e-230, 14.9
053-European-Illgraben-9S-ILL12-EHZ, 4.27867175768071, 4.062116242327189, 4.495227273034231, -157.68342755280332, 3.773141528729919, 0.917079845242432, 1.7269402749073285e-76, 14.9, -5.254161194183626, -5.485993517764851, -5.0223288706024025, -53.91117539745488, 3.2492197443640864, 0.8502253417613286, 2.3244529290606193e-146, 14.9
054-European-Illgraben-9S-ILL12-EHZ, 4.173808310629107, 4.013610601862892, 4.334006019395321, -161.8720324769482, 2.791194797169844, 0.950572867761391, 5.3170828310698485e-92, 14.9, -5.0986165702312425, -5.366062790572946, -4.831170349889539, -58.670229399855785, 3.748362291616962, 0.8006655115995995, 1.2720133323422505e-124, 14.9
055-European-Illgraben-9S-ILL12-EHZ, 4.17183940477188, 3.946822341647546, 4.396856467896215, -155.11096490007236, 3.8787632128284346, 0.908124375797187, 2.2521762632887856e-72, 14.700000000000001, -5.331758586860571, -5.557573151251884, -5.105944022469258, -52.32239575659203, 3.2067951587311123, 0.8596702682900468, 3.6252720146053218e-152, 14.700000000000001
056-European-Illgraben-9S-ILL12-EHZ, 4.176270161328169, 4.043826583365815, 4.308713739290523, -171.8209865187146, 2.2953377302061164, 0.9659621177735395, 1.903840639340592e-102, 14.8, -4.262334181215696, -4.633455691245798, -3.891212671185594, -78.18461887388449, 5.235747948737983, 0.5924395338723291, 2.1405120476901992e-70, 14.8
057-European-Illgraben-9S-ILL12-EHZ, 4.6444706734875005, 4.51037714109521, 4.778564205879791, -169.59043771715665, 2.323932568207473, 0.971623487768093, 7.355964187531714e-108, 14.8, -4.852239481633265, -5.159227122811442, -4.545251840455087, -65.13383252568964, 4.330953256943211, 0.7335580624713673, 7.745822450528606e-103, 14.8
058-European-Illgraben-9S-ILL12-EHZ, 4.229980546248677, 4.02469415196273, 4.435266940534623, -158.82031286768358, 3.5386530389944073, 0.924293572069463, 4.287827239023334e-78, 14.700000000000001, -5.2404571293555176, -5.520572853016855, -4.960341405694179, -57.058926330803715, 3.977926529862936, 0.7936439584096797, 1.1242274546331351e-122, 14.700000000000001
059-European-Illgraben-9S-ILL12-EHZ, 3.24142228830421, 2.9387708227765126, 3.5440737538319076, -146.74368097914123, 5.245156757433391, 0.7660226809347598, 4.765624486278114e-45, 14.8, -5.072953067118475, -5.263104311101705, -4.882801823135247, -55.40824033988707, 2.682636168284629, 0.8869232189841855, 3.3259492175636432e-168, 14.8
060-European-Illgraben-9S-ILL12-EHZ, 4.2528066934803945, 3.9284679035719456, 4.577145483388843, -155.34379607239862, 4.704013524481475, 0.8621601271451979, 2.7672129383740354e-48, 11.9, -4.576157678520863, -4.742188683452329, -4.410126673589398, -64.69095894157309, 2.834518569803893, 0.8854355348272205, 7.203178454779439e-181, 11.9
061-European-Illgraben-9S-ILL12-EHZ, 6.077270350198637, 5.815698479203508, 6.338842221193764, -165.79043745520528, 2.497721361747095, 0.9711492256261074, 5.350010136240323e-51, 7.5, -3.9293621433528307, -4.0775788597643245, -3.7811454269413374, -74.3417311933569, 3.409913016895826, 0.8649410088834315, 1.951331423955327e-186, 7.5
062-European-Illgraben-9S-ILL12-EHZ, 4.036102738965174, 3.827084841447389, 4.245120636482959, -152.28225556328894, 3.465104029147262, 0.9187975380985435, 3.3971467111526243e-72, 14.0, -5.044703470123851, -5.147255467414687, -4.942151472833016, -49.09221202398139, 1.5249053220795576, 0.9630568485853624, 3.1956596787496623e-259, 14.0
063-European-Illgraben-9S-ILL12-EHZ, 3.790903559563708, 3.625584417721987, 3.9562227014054288, -144.11996380308145, 2.880427767257197, 0.9370961314721993, 8.991894267545718e-85, 14.9, -5.765390273050768, -5.8891969637142925, -5.641583582387244, -34.689482887122125, 1.735198688319882, 0.9599464587077129, 1.2606131318655879e-246, 14.9
064-European-Illgraben-9S-ILL12-EHZ, 3.7805990540855476, 3.5391600718676144, 4.0220380363034804, -149.0108313414692, 3.6727745437576385, 0.8932254152162278, 1.0755426455459452e-57, 12.600000000000001, -5.041406603349616, -5.130986734332928, -4.951826472366303, -50.0228010974278, 1.4603810047854233, 0.9704417239384667, 2.5347019061468853e-287, 12.600000000000001
065-European-Illgraben-9S-ILL12-EHZ, 4.021708960409903, 3.8318912109943355, 4.2115267098254705, -141.05334745377863, 3.000156508298256, 0.9356533463464295, 6.161281753560964e-74, 13.200000000000001, -5.451913091348032, -5.605562650714253, -5.298263531981811, -35.84170935396938, 2.4079774671779526, 0.9299024416065282, 6.629554308784551e-214, 13.200000000000001
066-European-Illgraben-9S-ILL12-EHZ, 4.449694773725304, 4.1863469234359005, 4.713042624014709, -149.38093868431196, 3.228268722612037, 0.9283879258120711, 1.3759230283829987e-51, 9.8, -4.173020777129771, -4.337907430245197, -4.0081341240143455, -58.227413197184184, 3.237646983226676, 0.8605914015098298, 1.1549979952871957e-173, 9.8
067-North_American-Montecito-CI-QAD-HNZ, 0.33805198706828354, -0.03192992768634735, 0.7080339018229144, -122.30115186649876, 3.0098556683896875, 0.05959333500880786, 0.07247510658959802, 6.4, -2.2150865480955195, -2.456178832089617, -1.973994264101422, -103.85216522225474, 6.0036688940122485, 0.4284476524852249, 8.411315380854915e-55, 6.4
068-North_American-Museum_Fire-1A-BOC2-EHZ, 2.5092301719406334, 2.4567383106941105, 2.561722033187156, -163.0373300431421, 1.1454674339130426, 0.9791860703470455, 7.114011327557185e-161, 20.0, -2.6919717601729047, -2.8126366807673, -2.5713068395785097, -95.2949504141634, 1.2013308419915387, 0.8657095006021394, 2.175717026950985e-132, 20.0
069-North_American-Museum_Fire-1A-E19A-CHZ, 2.296722744043443, 2.2140124289350163, 2.3794330591518693, -126.97273116234598, 2.4178634871451905, 0.9112224014777544, 4.653799353016568e-155, 30.200000000000003, -3.354961715231318, -3.5587738647513163, -3.1511495657113207, -45.591917277758235, 0.9204713270750161, 0.8425024604350397, 5.277520077022561e-81, 30.200000000000003
070-North_American-Museum_Fire-1A-E19A-CHZ, 2.3190341458366452, 2.2492487362361877, 2.3888195554371023, -132.66231604670728, 2.049235602906091, 0.9358913546804462, 7.865096840829203e-177, 30.400000000000002, -2.7724126036207712, -2.977685979497667, -2.5671392277438754, -59.549927655311535, 0.9104601707818722, 0.7844119673615475, 6.868997439855627e-67, 30.400000000000002
071-North_American-Museum_Fire-1A-E19A-CHZ, 2.0780860553910308, 1.9951383648621868, 2.161033745919875, -126.83332427537582, 2.435743539856392, 0.8924431026622275, 6.724718541663074e-144, 30.400000000000002, -1.6278005752275782, -1.831239597977549, -1.4243615524776072, -76.08500118693635, 0.9023241645702508, 0.5608324860941524, 1.0881403334509853e-36, 30.400000000000002
072-North_American-Chalk_Cliffs-Y7-AV11-ELZ, 2.0680189057009413, 2.0197851951268913, 2.1162526162749917, -195.5382997704785, 1.9424205687748075, 0.9365291658685653, 3.9256965950403994e-290, 49.2, -25.862666586813503, -48.79368400616858, -2.9316491674584255, 285.55818230604933, 0.6577298036733243, 0.5039869522346836, 0.03214229970893738, 49.2
073-North_American-Chalk_Cliffs-Y7-AV11-ELZ, 3.5547721394902916, 3.459276323856911, 3.6502679551236716, -193.1992667983164, 2.256454377934482, 0.9621173644512133, 1.151398868415742e-152, 22.3, 0.531406237984364, 0.30525126036038475, 0.7575612156083433, -153.68247469771043, 1.9153340487432466, 0.07194782256864599, 5.745657789734577e-06, 22.3
074-North_American-Chalk_Cliffs-ch-gpB-DHZ, 0.40869398917531746, 0.3796575148937273, 0.4377304634569076, -132.23180692349456, 1.1723340295968634, 0.6129385671348481, 1.3011142597636517e-101, 49.404940494049406, -28.1228194161871, -100.95163063396078, 44.705991801586585, 353.3766947499882, 0.959846196139134, 0.22321776284383335, 0.3440417441215115, 49.404940494049406
075-North_American-Chalk_Cliffs-ch-gpB-DHZ, 0.15542787185412202, 0.13552105382083326, 0.17533468988741077, -124.2517646345793, 0.7638300929357141, 0.34602997427871923, 5.858170835664244e-43, 45.604560456045604, -0.35953357089210564, -1.5439322785136302, 0.8248651367294191, -114.68990364658174, 0.44984334885130234, 0.00885621003476373, 0.543440690050278, 45.604560456045604
076-Asian-Goulinping-CC-ACT-SHZ, 3.321550412128667, 3.1704851719580973, 3.472615652299237, -190.29717055514453, 5.689946016904747, 0.8121418756346052, 5.972770582256214e-159, 44.300000000000004, -3.9884329450211498, -4.846140480276075, -3.1307254097662236, -68.53013296800471, 0.5032445535720824, 0.6077732597175565, 5.602330441925487e-13, 44.300000000000004
077-Asian-Goulinping-CC-ACT-SHZ, 3.6664099222987767, 3.4219396093825347, 3.9108802352150187, -172.23646788030845, 5.832522907120985, 0.8025411201394022, 1.1123285098363275e-77, 22.6, -0.5599291878457812, -0.7000994088508109, -0.4197589668407514, -113.03783826630837, 1.1617472699902558, 0.18469930051312008, 8.677544230932052e-14, 22.6
078-Asian-Goulinping-CC-ACT-SHZ, 3.2864026011634038, 3.053036839757735, 3.519768362569073, -181.4394942690817, 6.791079521343112, 0.7266520615148363, 2.2147570705780876e-83, 30.0, -3.850210709524717, -3.9807241266216025, -3.7196972924278313, -71.2409746606816, 0.6001041447548838, 0.9444627277580515, 7.086157553668599e-127, 30.0
079-Asian-Goulinping-CC-ACT-SHZ, 3.704570679045819, 3.4924801086557693, 3.916661249435869, -187.09887016239054, 6.782692359522308, 0.7794716559141432, 1.1272862568651297e-111, 34.5, -2.653284424587705, -2.8843847322528955, -2.422184116922515, -89.58155559176177, 0.6818164480119863, 0.7696049321487868, 5.942181709354238e-51, 34.5
080-Asian-Foutangba-MJ-FTB1-BHZ, 3.042070496515222, 2.8217892604360353, 3.2623517325944094, -183.01824864553961, 5.272165412397486, 0.7742712789638819, 9.474618454564453e-72, 22.700000000000003, -23.00240428048721, -25.61089166448887, -20.393916896485546, 199.1618059982119, 21.463694871664316, 0.5256338779199448, 5.942296636453849e-46, 22.700000000000003
081-Asian-Foutangba-MJ-FTB1-BHZ, 2.520919908929705, 2.3912684388749117, 2.650571378984498, -160.35671190916773, 2.9325972796638644, 0.880776731606866, 7.536415911503634e-94, 21.0, -20.67843246933554, -23.11741310482566, -18.239451833845425, 174.92444944846508, 22.651182717020458, 0.49071127525152003, 3.0232484853372973e-44, 21.0
082-Asian-Ergou-MJ-EG2-BHZ, 2.048882024530869, -0.37572238322041757, 4.473486432282156, -112.63795975332994, 0.4787056820647498, 0.8685921837574577, 0.06801706895595035, 1.3, -1.8726923870116174, -2.437663494405046, -1.307721279618189, -100.72679741954359, 22.108084546994547, 0.08027224504516878, 1.8435879186755683e-10, 1.3
083-Asian-Jiangjia-DC-BL7-BHZ, 1.9762912360641471, 1.9290006868665366, 2.023581785261758, -155.14075440511797, 1.5557746764955254, 0.9508772006304715, 1.86205494077893e-230, 36.0, -71.82488603537446, -79.16505393661127, -64.48471813413764, 1019.5008262630049, 18.237004626812524, 0.7292075114802852, 2.919672468112714e-41, 36.0
084-Asian-Ramche-XF-H0390-BHZ, 2.6969677521314575, 2.5580779385449293, 2.835857565717986, -135.76339503332136, 1.411703143151982, 0.9560405110624571, 1.4987837485134562e-48, 8.0, -1.718585411329561, -2.1096119957468713, -1.327558826912251, -96.21150748256969, 3.6084146976199283, 0.3081653334989596, 3.2932940902863088e-15, 8.0
085-Asian-Bothekoshi-XN-NEP08-HHZ, 7.150870103479955, 6.845033846353708, 7.4567063606062005, -163.94260907293165, 2.282219211456494, 0.9787429173490517, 8.387311168813584e-42, 5.9, -4.240979211193453, -4.310109360543074, -4.171849061843831, -76.63693511797902, 1.7864625659542137, 0.9706223554678369, 0.0, 5.9
086-Oceania-Ruapehu-MR-TRAN-BHZ, 3.6061724251506213, 3.3710869279208433, 3.8412579223803993, -137.17637446099056, 2.695250240226081, 0.9209417807185021, 7.662128956670389e-46, 9.1, -5.696586963579707, -6.399556351299256, -4.993617575860158, -29.559762903196415, 14.473957826751525, 0.38346777309976704, 8.990261608792879e-45, 9.1
087-Asian-Tianmo-CCDSN-G02-SHZ, 4.54170332579963, 4.13570195271097, 4.94770469888829, -157.8093581987735, 2.91803484870517, 0.9168203553164587, 1.7645505345887757e-26, 5.7, -6.480384942419208, -7.1590993385836486, -5.801670546254768, -51.98126638658387, 17.805238447339672, 0.44341738218357646, 3.2840360195867264e-58, 5.7
088-Asian-Tianmo-CCDSN-G02-SHZ, 4.658505622110626, 4.257824916719885, 5.059186327501368, -158.60873837511065, 2.989969901198498, 0.9192551982230753, 7.03606074837713e-28, 5.9, -6.468569424791864, -7.146624414725181, -5.790514434858549, -52.77509872997241, 17.522309275626622, 0.4441219290708978, 4.4719172675479156e-58, 5.9
089-Asian-Tianmo-CCDSN-G02-SHZ, 6.033620391947429, 5.651642110054473, 6.415598673840385, -158.0333870110979, 2.6923630464613604, 0.9574324631989644, 1.7227568297207204e-32, 5.6000000000000005, -6.972544983817592, -7.613294109926727, -6.331795857708457, -41.1527354324799, 16.937080497001183, 0.5079866156725182, 3.1442272371624454e-70, 5.6000000000000005
090-Asian-Tianmo-CCDSN-G02-SHZ, 5.837150616891233, 5.551669968495593, 6.122631265286873, -158.15401523414474, 2.726023678121236, 0.9630588084923732, 1.463605378588905e-47, 7.5, -7.987880179978295, -8.726796479435542, -7.248963880521048, -26.31749138614478, 16.99970400720867, 0.5157018271158896, 9.435601990040184e-69, 7.5
091-Asian-Tianmo-CCDSN-G02-SHZ, 5.123900251611615, 4.922026307023971, 5.325774196199259, -157.10559219457326, 1.4787604173201412, 0.9822926314528855, 7.923567746549308e-43, 5.800000000000001, -6.980813648841101, -7.6137510810254385, -6.347876216656763, -47.13822232442777, 16.47961170374837, 0.515845229921482, 1.8252356908262074e-71, 5.800000000000001
092-Asian-Tianmo-CCDSN-G02-SHZ, 3.5265375154999474, 3.325208030857847, 3.727867000142048, -152.07912948368644, 1.9724117284054972, 0.9488000286831908, 2.555597500152452e-44, 7.7, -8.157408796372632, -8.853161256823366, -7.461656335921896, -36.17425482766649, 15.782422206514077, 0.5572397079154143, 1.1396822999222865e-76, 7.7
093-Asian-Tianmo-CCDSN-G02-SHZ, 4.7698126810433665, 4.570081076363443, 4.969544285723289, -155.83387964362734, 1.435521703806003, 0.9804815338411117, 5.656556994778675e-41, 5.7, -6.647737152940552, -7.2785017570751265, -6.0169725488059775, -52.95386759177663, 16.547334555191707, 0.49255665954925354, 4.191827483431505e-67, 5.7
094-Asian-Tianmo-CCDSN-G02-SHZ, 5.259098293443924, 5.020883212750753, 5.497313374137095, -157.1769749054637, 1.7121122070638566, 0.9772369147669417, 1.9467332988488217e-39, 5.7, -6.100829483797112, -6.7506949777667415, -5.45096398982748, -55.074119386817486, 17.04842293638931, 0.4350823978131362, 8.854117142177362e-57, 5.7
095-Asian-Tianmo-CCDSN-G02-SHZ, 5.926387595184937, 5.656436908234283, 6.196338282135591, -159.01397968595788, 2.510055366077572, 0.9688106619033047, 2.1127414814090893e-48, 7.300000000000001, -6.823888160752524, -7.617854155547926, -6.029922165957124, -40.28160106800084, 18.527219425307955, 0.40116608982470153, 2.239115806509033e-49, 7.300000000000001
096-Asian-Tianmo-CCDSN-G02-SHZ, 4.64770410108886, 4.43777410244371, 4.8576340997340095, -158.01806591697192, 1.595140979943852, 0.9758431869047094, 2.7809742684047394e-41, 6.0, -5.818560845684161, -6.513128079664438, -5.123993611703884, -60.80895535182556, 17.815386645980304, 0.3817593967638162, 8.852412563536445e-48, 6.0
097-Asian-Tianmo-CCDSN-G02-SHZ, 4.327169167627177, 4.128816561015785, 4.525521774238568, -158.46001307154472, 1.3980827013601007, 0.9772222707065262, 1.3234089395720531e-38, 5.6000000000000005, -5.61357208369302, -6.274632635915841, -4.952511531470198, -64.72342982092185, 17.47397745882054, 0.3860250696305569, 7.22791620208741e-49, 5.6000000000000005
098-Asian-Tianmo-CCDSN-G02-SHZ, 4.190158587757666, 4.0399386108695685, 4.340378564645762, -158.3597120796791, 1.1414378254032178, 0.9846445870990507, 4.180812199040868e-46, 6.0, -6.1019466142068755, -6.727642102946374, -5.476251125467375, -63.04014397248838, 16.04885244969149, 0.45558560571931345, 6.117212555566399e-60, 6.0
099-Asian-Tianmo-CCDSN-G02-SHZ, 6.807670337710358, 6.313841216297177, 7.301499459123539, -160.27053691263706, 3.411770315642462, 0.946070780551837, 1.5466031617718807e-29, 5.5, -5.821134134353758, -6.55902703869383, -5.083241230013686, -50.34714680342944, 19.653930796434132, 0.3512362153382489, 1.2208121677576272e-43, 5.5
100-Asian-Tianmo-CCDSN-G02-SHZ, 6.815225832532475, 6.386528761554648, 7.2439229035103025, -160.85962438195367, 3.1990343475752536, 0.9551278473953269, 5.2007435961422e-34, 5.9, -6.296796443946304, -7.038709260659031, -5.554883627233577, -47.56353143028633, 19.172524386658075, 0.3873928733381598, 9.212994295698122e-49, 5.9
101-European-Casamicciola-IV-ICVJ-EHZ, 1.1022910603300815, 0.9154407414524819, 1.2891413792076811, -123.48041674464419, 1.3170091536946376, 0.7582964056831815, 1.794619965062711e-15, 5.6000000000000005, -4.816861840903078, -5.184322875767612, -4.449400806038545, -64.7066654648522, 9.713188630946195, 0.5997144166924763, 4.1097512990600696e-90, 5.6000000000000005
102-European-Tbilisa-GO-KHRT-HHZ, -1.8438653043320183, -2.07536973138528, -1.6123608772787565, -154.8720997693312, 9.346882655410338, 0.3364609061527889, 5.960592660352121e-45, 49.400000000000006, -45.71233589140055, -92.41443283146825, 0.9897610486671511, 632.60733986042, 0.8400722647306923, 0.558723950134853, 0.05342821227240975, 49.400000000000006
103-North_American-Redoubt-AV-RDW-BHZ, 9.349465049981628, 2.1934739190562356, 16.50545618090702, -98.54133469093631, 2.5972184419106497, 0.8521326316157841, 0.025296633934846272, 1.4000000000000001, -4.433894114408567, -4.527336613576652, -4.3404516152404815, -77.32844949878258, 2.2114488689873815, 0.973813295983394, 7.017067331951567e-188, 1.4000000000000001
104-North_American-Redoubt-AV-RDW-BHZ, 8.335285389016807, 2.9250615297782354, 13.745509248255377, -101.23233374391204, 1.9636040521842104, 0.8890528419877827, 0.016239716364012575, 1.4000000000000001, -3.5163989562673605, -3.6250386874591194, -3.407759225075602, -82.06169192809443, 2.571112853466582, 0.9453654119900443, 2.4015406425383975e-150, 1.4000000000000001
105-North_American-Redoubt-AV-RDW-BHZ, 8.739348412664734, 6.308070456032548, 11.17062636929692, -128.56397838791167, 1.2890171830233728, 0.9613906217634146, 0.0005663612136652808, 1.5, -3.233256778135735, -3.337314634927446, -3.1291989213440243, -105.89311876525684, 2.4170808794453964, 0.9412268034412907, 5.295239953112654e-146, 1.5
106-North_American-Redoubt-AV-RDW-BHZ, 9.531703931513347, 5.667048504852874, 13.396359358173822, -106.03233364672496, 1.4026504731643819, 0.9535665899231067, 0.004307206858221269, 1.4000000000000001, -3.9234242932843157, -4.045284226725104, -3.8015643598435274, -80.72469440875142, 2.8839876328409377, 0.9448145274442513, 7.808612077563083e-150, 1.4000000000000001
107-North_American-Redoubt-AV-RDW-BHZ, 6.821842609178079, 3.9649458477573147, 9.678739370598842, -102.31360668482638, 1.5146721523754951, 0.9165856859987087, 0.0026853851193532575, 1.5, -3.771775489611836, -3.8866401839445643, -3.6569107952791073, -80.75451728080091, 2.668104696320205, 0.9470495307562025, 2.638439302284249e-151, 1.5
108-North_American-Shishaldin-AV-SSLS-BHZ, 3.4610419447847733, 2.845769322374001, 4.076314567195546, -129.93102900341134, 0.6405413940509639, 0.9619421565091665, 3.1770147665663887e-06, 1.8, -5.732113771909047, -5.9755929350750945, -5.488634608743, -91.28545356148634, 5.3598858765195425, 0.9030477568045532, 4.886994574474379e-119, 1.8
109-North_American-Mount_Hood-CC-PALM-EHZ, 4.391060607117798, 3.9579057886489424, 4.824215425586654, -138.5174270991588, 3.2913018913878043, 0.8943993803234783, 1.4377691162882966e-25, 6.0, -5.889493018498015, -6.01065046086805, -5.76833557612798, -59.077494309275, 1.454917008415061, 0.9798584164695046, 3.1941302422827487e-162, 6.0
110-North_American-Mount_Hood-CC-PALM-EHZ, 4.444232374502446, 3.991905018862751, 4.896559730142142, -138.48314603499676, 3.4369833086606083, 0.8883442654341911, 5.65401493697092e-25, 6.0, -5.717414028119295, -5.825356851080318, -5.609471205158271, -61.70525268433906, 1.296229484464346, 0.9829815679339308, 3.878999221574453e-169, 6.0
111-North_American-Mount_Hood-CC-PALM-EHZ, 4.742159576858497, 4.318616215712135, 5.16570293800486, -147.44060607914227, 3.2182697875863626, 0.911751477115374, 1.7526694871479267e-27, 6.0, -5.959545511711596, -6.095714228229918, -5.8233767951932744, -63.25931766371187, 1.6351796290935887, 0.9752691631487879, 8.503203772442546e-154, 6.0
112-North_American-Mount_Hood-CC-PALM-BHZ, 4.9035096072095286, 4.567505556431214, 5.239513657987843, -145.88446487757076, 2.17877986868297, 0.9549262867907113, 3.220091779038659e-29, 5.2, -5.021661282301553, -5.228253343782307, -4.8150692208207975, -73.57958169626616, 2.759067372369776, 0.9210364207746887, 1.473576991596316e-110, 5.2
113-North_American-Mount_Rainier-UW-RER-EHZ, 2.6930961854976805, 2.422177774005548, 2.9640145969898124, -154.68943872110006, 1.9095607113910218, 0.8990709319322784, 4.8457244806422395e-24, 5.6000000000000005, -1.7935348207734756, -1.9263661898684152, -1.6607034516785357, -122.43416646305651, 3.5111645091883856, 0.6138395504016677, 1.4220657334705153e-93, 5.6000000000000005
114-North_American-Mount_Rainier-UW-RER-EHZ, 3.242533490480541, 2.9598105126789704, 3.5252564682821115, -156.25195797036088, 1.9927648609922382, 0.922225142283748, 1.3602206758581505e-26, 5.6000000000000005, -2.3606734242905376, -2.511980777299347, -2.2093660712817282, -114.76032026308471, 3.9995447723199624, 0.6797301624997729, 1.3604072639306151e-111, 5.6000000000000005
115-North_American-Mount_Rainier-UW-RER-EHZ, -0.44997153538167767, -0.6058035503099799, -0.29413952045337544, -138.35236033395327, 3.610067767038268, 0.13594006755213028, 4.260217498016578e-08, 21.700000000000003, -3.088914958802604, -3.4708895015323113, -2.706940416072897, -95.37080233114926, 3.3765544989849863, 0.47327286915276595, 3.808650358286065e-41, 21.700000000000003
116-North_American-Mount_Rainier-UW-RER-HHZ, 3.23968834661423, 2.9606181562977376, 3.518758536930722, -159.36605169439358, 1.888816179376972, 0.9272541168212002, 4.238466104080791e-26, 5.4, -1.1587649217666445, -1.3329296135677111, -0.9846002299655779, -132.1665920913292, 4.674531114326575, 0.27756790588320696, 2.726953814295268e-33, 5.4
117-North_American-Mount_Shasta-NC-LGB-EHZ, 3.3733307916340443, 2.831420208718858, 3.915241374549231, -127.20115747659891, 1.032167143842877, 0.9387602387797592, 1.2224515649881295e-08, 2.3000000000000003, -1.650548886601553, -1.7928095117192928, -1.5082882614838131, -112.81822474004117, 4.984214153777931, 0.5219685893476156, 2.5935194885925047e-78, 2.3000000000000003
118-North_American-Mount_Shasta-NC-LGY-HHZ, -2.1972626971713884, -2.3872165145367106, -2.007308879806066, -127.92835519143135, 5.426385994768747, 0.6485116674707174, 9.351841199251384e-66, 29.200000000000003, 6.127130772544809, 4.207155908326773, 8.047105636762845, -259.81419986877137, 9.472250597534602, 0.1605272607786886, 1.8410881350941366e-09, 29.200000000000003
119-North_American-Mount_Shasta-NC-LGY-HHZ, 0.3547110160153703, 0.2560588510451881, 0.45336318098555245, -146.51622344202687, 2.8248034697519047, 0.15083763225876154, 1.1658646413348786e-11, 29.3, -1.3929037397878674, -2.6339833475320016, -0.15182413204373296, -127.62891141770561, 6.069919747923131, 0.023216050902523377, 0.028014273700487802, 29.3
120-North_American-Mount_Shasta-NC-LMP-EHZ, 1.8994839973198876, 1.8502071088103058, 1.9487608858294692, -139.9538475687271, 0.48882604197216034, 0.988808773605517, 4.2369875071664795e-67, 7.800000000000001, -2.488341695630737, -2.5280039192772903, -2.448679471984184, -99.7273461741969, 0.8933977467653242, 0.9730623306784372, 0.0, 7.800000000000001
121-North_American-Mount_Shasta-NC-LMP-EHZ, -0.5147925726965562, -0.5909195116620182, -0.4386656337310943, -147.1096322213077, 3.061763092345104, 0.26890979282189614, 1.5736413451892406e-34, 49.1, -69.63737887043234, -84.55043986973598, -54.72431787112869, 1035.8284484601168, 0.5148543574841752, 0.9354579368271912, 4.872606145743694e-06, 49.1
122-North_American-Mount_Shasta-NC-LMP-EHZ, 1.7250641437078271, 1.6810394983952661, 1.7690887890203881, -138.7379025583743, 0.4421132402829749, 0.9889999044710137, 2.476859757523934e-68, 7.9, -2.390203670077754, -2.429744027658948, -2.3506633124965592, -101.46740062797609, 0.8844336795768987, 0.9711113723000975, 0.0, 7.9
123-North_American-Mount_Shasta-GM-LST4-EHZ, 2.9107427577717186, 2.820034924693775, 3.001450590849662, -154.63078431263398, 1.0399633825763135, 0.9807601840799066, 2.0950248731679494e-70, 9.1, -3.136524933370157, -3.3069860340375214, -2.9660638327027926, -101.85194019737108, 3.5097499624626485, 0.7622860750366027, 2.34475915156851e-129, 9.1
124-North_American-Mount_Shasta-GM-LST4-EHZ, 3.123688318876877, 3.018298784297867, 3.2290778534558866, -151.1859810040904, 1.0454627029368861, 0.9812165847398204, 1.4545448860772462e-59, 7.800000000000001, -3.857718907581112, -3.961995940573602, -3.753441874588622, -89.60836783553567, 2.3488563612836817, 0.9262550896790946, 1.8352322019232632e-240, 7.800000000000001
125-North_American-Mount_Shasta-GM-LST4-EHZ, 2.8371718315011036, 2.7189468316132706, 2.955396831388937, -140.70179564167847, 1.2444248588011135, 0.969499235304828, 2.5911581165186267e-56, 8.3, -4.3167560256586075, -4.425640702422387, -4.2078713488948285, -76.05199086627333, 2.3686141981934847, 0.9358922154475993, 2.7789980263406145e-250, 8.3
126-North_American-Mount_Shasta-GM-LST4-EHZ, 2.9452348349716084, 2.808087174245272, 3.0823824956979453, -143.8358066992126, 1.4599748961013481, 0.9616756254513893, 1.8788273195806768e-53, 8.4, -4.049756816594728, -4.160128381830729, -3.939385251358727, -81.75473618312054, 2.3843950456161007, 0.9261181160716262, 6.774310162498488e-237, 8.4
127-North_American-Mount_Shasta-GM-LST4-EHZ, 2.794275164198104, 2.7078553157076426, 2.880695012688565, -158.79507673759673, 1.0204586901020383, 0.9803263284535585, 1.3853193667832738e-72, 9.4, -3.4327022092692707, -3.5570839215635304, -3.3083204969750115, -102.11762699120064, 2.509268018835963, 0.8790480964687227, 7.159204161282251e-188, 9.4
128-North_American-Mount_Shasta-GM-LST4-EHZ, 2.9575458911252688, 2.8267775088712868, 3.0883142733792512, -138.13307753743862, 1.1492651497217112, 0.9724801728130767, 5.942026568674563e-47, 6.9, -4.274988572344197, -4.373900271780005, -4.176076872908391, -76.43792208200044, 2.375168123306877, 0.9437641908571964, 7.083462449717309e-271, 6.9
129-North_American-Mount_Shasta-GM-LST4-EHZ, 2.69678098826677, 2.5550110904435783, 2.838550886089962, -137.95937083744053, 1.5091798923039568, 0.951664090507651, 9.017934066507243e-50, 8.4, -4.323441199905714, -4.434523387377212, -4.212359012434217, -75.44389714345232, 2.3997468632151597, 0.9337942090901102, 8.777492187112602e-247, 8.4
130-North_American-Mount_Shasta-GM-LST4-EHZ, 2.5180546215471526, 2.412688695238021, 2.623420547856284, -149.72025368493007, 1.2321788367330007, 0.9649895353756708, 1.8338899243577677e-61, 9.3, -3.455132161098615, -3.5875834752697586, -3.3226808469274713, -96.25676847396107, 2.690265693575652, 0.8662581736313317, 1.8225247382019986e-179, 9.3
131-North_American-Mount_Shasta-GM-LST4-EHZ, 2.6776836840727976, 2.5593252031588114, 2.7960421649867833, -144.41678789516098, 1.370578549229362, 0.961560934510777, 4.344692858235444e-59, 9.200000000000001, -3.7984735914304606, -3.914489628592753, -3.6824575542681686, -85.90096225876766, 2.372522445460433, 0.910540110384453, 1.877124735353921e-215, 9.200000000000001
132-North_American-Mount_Shasta-GM-LST2-EHZ, 2.6196195222144363, 2.482607677796417, 2.756631366632456, -130.1022424595991, 1.7251501739474702, 0.9412848831088027, 3.3900396941720086e-57, 10.100000000000001, -1.5373770702959657, -1.667338493660162, -1.4074156469317693, -92.31804918330812, 2.500884495271687, 0.5760751988745417, 3.557680779226047e-76, 10.100000000000001
133-North_American-Mount_Shasta-GM-LST4-EHZ, 2.5152692575007505, 2.378765399007621, 2.6517731159938793, -141.35811254275578, 1.4531214427244692, 0.9486504522289494, 8.213194575342519e-49, 8.4, -0.9650833071889353, -1.2326489209860045, -0.6975176933918663, -119.35537464592714, 5.780312370770512, 0.10804327160376145, 5.8073799449206605e-12, 8.4
134-North_American-Mount_Spurr-AV-CKN-EHZ, 3.6527563050087615, 3.407392528863273, 3.89812008115425, -139.23760941359666, 1.484824961708565, 0.9598419456174706, 3.8843557566697333e-28, 4.9, -1.7839609911746457, -1.9687860664689971, -1.5991359158802945, -106.87278830430628, 5.157184359832504, 0.44432044075298216, 2.1654379268126503e-59, 4.9
135-North_American-Mount_Spurr-AV-CKN-EHZ, 3.717704437750104, 3.394088407839818, 4.04132046766039, -133.44710427777792, 1.6201991499190256, 0.946548284010454, 2.801247205432485e-21, 4.2, -2.610353740083088, -2.7841541112142973, -2.436553368951879, -94.73951242536516, 5.130866795257849, 0.6559144241329109, 6.181781043841609e-108, 4.2
136-North_American-Mount_Spurr-AV-CKN-EHZ, 2.7673782190942147, 2.474331101539624, 3.0604253366488057, -137.59887881222153, 2.0655342661526177, 0.8893708088835777, 3.839782675479087e-23, 5.6000000000000005, -2.4302395051908356, -2.6153069816910466, -2.2451720286906243, -104.02397091844516, 4.8919344859583465, 0.6005610188878838, 2.5694575715849335e-90, 5.6000000000000005
137-North_American-Mount_St_Helens-CC-VALT-BHZ, 4.063326345703133, 3.964792004362183, 4.161860687044082, -143.0549993197326, 0.8404424440062542, 0.9918607519875021, 3.3418000339940324e-60, 6.7, -2.249259776085464, -2.322020821531649, -2.1764987306392785, -91.35816631370736, 0.7968107366124794, 0.9533602850069345, 4.34860225080207e-123, 6.7
138-North_American-Mount_St_Helens-CC-VALT-BHZ, 4.131791646071706, 4.006445806742772, 4.257137485400639, -147.16701859266902, 1.3193781226999903, 0.9835987526051944, 5.138386460202676e-66, 8.3, -2.974895694659732, -3.101212160849106, -2.848579228470358, -81.68652484231609, 1.1202049653054829, 0.9286971413768514, 4.120717205838982e-97, 8.3
139-North_American-Mount_St_Helens-CC-VALT-BHZ, 4.0749259928130535, 3.900432287914165, 4.249419697711942, -148.84010543917054, 2.3669166219176185, 0.9559241794049871, 6.317367531199178e-69, 11.0, -3.8935149147456185, -4.140952710183418, -3.6460771193078196, -68.92814692514784, 1.5157758436092144, 0.87442723728563, 1.704442000534004e-64, 11.0
